100
102 106 103 106 
105 102 106 102 
97 112 98 112 
99 104 99 105 
100 101 99 101 
109 95 108 95 
110 95 111 95 
106 95 106 96 
102 107 101 107 
106 95 105 95 
100 101 101 101 
100 103 100 104 
107 97 106 97 
108 99 108 100 
106 100 106 101 
100 96 101 96 
102 108 101 108 
104 101 104 102 
104 98 105 98 
104 104 104 105 
100 99 100 103 
102 106 102 107 
102 98 102 99 
104 101 105 101 
105 95 104 95 
102 109 102 114 
104 98 103 98 
103 102 101 102 
111 98 111 97 
110 95 109 95 
98 111 98 112 
102 108 103 108 
99 96 99 97 
102 96 101 96 
110 94 110 95 
103 107 103 106 
111 96 111 97 
110 99 109 99 
101 113 97 113 
105 100 107 100 
101 97 101 98 
111 96 110 96 
102 97 103 97 
106 96 106 97 
106 99 107 99 
108 96 108 97 
98 109 98 111 
103 99 103 98 
106 101 106 102 
100 104 99 104 
107 98 107 99 
102 100 101 100 
102 98 103 98 
104 106 104 107 
107 98 106 98 
102 99 102 100 
99 100 99 101 
105 98 106 98 
100 106 100 107 
101 97 102 97 
99 107 100 107 
101 101 101 102 
111 99 110 99 
100 99 103 99 
98 108 98 107 
99 106 99 105 
97 112 97 113 
101 107 101 108 
111 98 111 99 
104 95 102 95 
101 114 102 114 
105 101 105 100 
103 108 103 109 
105 103 105 102 
105 103 105 104 
110 94 111 94 
108 100 107 100 
110 96 110 95 
100 97 100 98 
100 98 101 98 
100 97 99 97 
103 109 102 109 
101 114 101 113 
99 96 100 96 
100 100 99 100 
103 98 103 97 
107 97 108 97 
104 102 103 102 
105 104 104 104 
106 100 106 99 
104 107 103 107 
108 96 108 95 
100 100 101 100 
99 107 98 107 
109 99 108 99 
100 106 99 106 
102 95 102 96 
111 95 111 94 
104 105 104 106 
98 108 98 109 
