100
105 104 104 104 
103 103 103 104 
103 98 104 98 
109 102 109 103 
106 103 107 103 
103 106 104 106 
101 100 101 97 
103 98 103 99 
100 104 101 104 
109 102 108 102 
101 101 102 101 
101 100 100 100 
106 105 107 105 
107 106 107 105 
98 97 98 98 
108 105 108 104 
102 98 102 99 
102 100 102 99 
105 102 105 103 
104 103 104 104 
98 99 98 98 
103 101 102 101 
101 98 102 98 
103 102 103 101 
104 106 105 106 
105 105 105 106 
103 103 103 102 
102 99 101 99 
97 97 98 97 
101 96 100 96 
102 106 102 105 
108 103 107 103 
101 103 101 102 
102 100 103 100 
100 101 101 101 
104 102 104 101 
99 97 99 98 
102 99 103 99 
97 96 98 96 
98 100 99 100 
105 103 106 103 
97 97 97 96 
106 104 106 103 
108 102 107 102 
100 98 101 98 
101 96 101 97 
102 102 102 103 
105 103 105 105 
105 101 104 101 
102 101 102 100 
107 102 107 103 
104 103 104 102 
100 100 100 101 
100 99 99 99 
103 102 102 102 
107 104 107 103 
103 104 104 104 
100 99 101 99 
109 103 108 103 
101 104 101 103 
103 99 103 100 
105 102 105 101 
104 105 105 105 
106 102 106 103 
101 100 102 100 
102 105 102 104 
105 102 104 102 
100 104 100 103 
98 97 99 97 
103 102 104 102 
101 102 100 102 
99 101 100 101 
99 101 99 100 
104 103 105 103 
102 101 102 102 
100 102 100 101 
103 99 104 99 
100 100 100 99 
102 102 101 102 
107 104 108 104 
100 98 100 97 
104 99 104 98 
99 99 99 100 
104 104 104 105 
107 106 108 106 
105 102 106 102 
101 100 101 101 
102 106 103 106 
100 96 100 97 
102 103 102 104 
106 104 105 104 
100 98 99 98 
106 105 105 105 
99 100 100 100 
101 102 101 101 
98 99 98 100 
108 106 108 105 
100 103 104 103 
98 96 98 97 
100 99 100 98 
