94
100 100
102 100
102 103
101 103
101 101
103 101
103 102
104 102
104 100
110 100
110 97
111 97
111 99
108 99
108 101
105 101
105 102
106 102
106 98
121 98
121 97
122 97
122 99
123 99
123 100
121 100
121 99
120 99
120 97
119 97
119 96
116 96
116 99
117 99
117 94
111 94
111 96
115 96
115 99
114 99
114 100
112 100
112 101
113 101
113 99
112 99
112 91
111 91
111 93
115 93
115 91
113 91
113 95
107 95
107 92
106 92
106 94
108 94
108 93
105 93
105 91
106 91
106 87
110 87
110 88
109 88
109 85
108 85
108 90
110 90
110 92
116 92
116 95
118 95
118 97
114 97
114 90
113 90
113 85
111 85
111 87
115 87
115 86
106 86
106 84
107 84
107 89
114 89
114 88
112 88
112 83
111 83
111 84
112 84
