100
106 91 106 87 
115 86 106 86 
101 101 101 102 
108 93 108 94 
105 92 105 91 
107 92 107 95 
109 88 109 85 
101 103 101 102 
111 93 115 93 
123 99 123 100 
109 85 108 85 
108 90 110 90 
120 97 120 99 
110 87 106 87 
112 99 113 99 
110 100 110 97 
104 102 104 101 
113 101 112 101 
110 92 110 90 
102 103 101 103 
114 89 114 88 
117 99 117 94 
103 101 103 102 
121 97 121 98 
113 90 114 90 
112 99 112 91 
120 97 119 97 
115 87 111 87 
111 84 111 83 
117 94 111 94 
111 87 111 85 
111 91 112 91 
114 99 115 99 
123 99 122 99 
119 97 119 96 
112 88 114 88 
116 95 116 92 
115 91 113 91 
115 96 115 99 
113 95 107 95 
121 100 123 100 
111 99 111 97 
106 94 108 94 
107 92 106 92 
101 101 102 101 
105 93 105 92 
102 103 102 101 
107 89 114 89 
112 83 112 88 
101 100 100 100 
111 93 111 91 
111 84 112 84 
118 97 118 95 
116 96 119 96 
108 101 108 99 
106 94 106 92 
104 101 104 100 
108 99 111 99 
113 85 111 85 
112 100 114 100 
106 102 105 102 
113 95 113 91 
115 96 111 96 
117 99 116 99 
105 100 110 100 
112 100 112 101 
103 102 104 102 
104 100 105 100 
105 101 105 102 
114 90 114 97 
102 100 101 100 
103 101 102 101 
116 92 110 92 
121 98 106 98 
108 101 105 101 
111 97 110 97 
115 93 115 91 
122 99 122 97 
122 97 121 97 
112 83 111 83 
114 97 118 97 
109 88 110 88 
107 84 106 84 
106 91 105 91 
114 99 114 100 
102 100 102 101 
116 96 116 99 
106 86 106 84 
118 95 116 95 
121 99 121 100 
108 90 108 85 
106 98 106 102 
110 88 110 87 
108 93 105 93 
113 90 113 85 
107 84 107 89 
111 94 111 96 
115 86 115 87 
120 99 121 99 
113 99 113 101 
