89 833
49 14 365 314 530 238 728 602 29 88 572 479 610 336 581 563 453 542 275 785 170 697 246 63 315 450 329 476 856 295 488 463 668 232 207 351 520 246 80 737 79 55 880 652 62 551 352 617 581 152 659 485 37 794 384 136 184 501 374 704 600 83 790 727 109 507 498 388 279 568 65 541 884 216 315 618 782 848 23 404 228 765 415 188 660 5 876 680 
17 59 2321
82 89 886
0 13 2780
29 48 17039
19 48 25313
11 12 155
75 78 555
19 24 4522
4 6 1519
84 88 661
59 60 165
68 73 2148
29 31 59
17 66 23546
62 65 2571
83 89 4608
56 58 1972
17 89 17312
17 59 38384
35 46 5080
3 4 938
1 6 2129
68 70 496
54 59 1759
23 24 380
17 74 19760
75 80 3173
76 77 695
37 41 1237
39 40 157
0 6 4903
24 28 887
33 35 109
77 78 802
0 1 642
70 72 1863
8 10 1353
14 15 639
36 44 4259
6 11 443
29 32 2269
77 78 272
59 65 1543
13 14 821
20 22 610
59 60 164
75 76 1038
32 35 887
17 75 28512
55 59 938
37 43 2847
22 24 1424
20 22 643
85 86 268
35 44 8762
0 6 5140
17 48 20182
76 77 237
22 23 343
5 6 12
48 50 49
64 65 951
17 67 37846
32 48 3697
68 72 2864
33 35 1295
78 79 449
19 22 1449
37 42 3201
17 80 45859
28 48 8153
63 64 947
29 32 1055
32 46 5476
75 78 912
72 73 251
0 6 596
28 48 11860
50 59 8085
78 79 593
68 72 3468
1 4 2257
17 73 37784
51 59 4038
43 44 46
21 22 688
8 9 801
83 88 2032
75 80 4178
7 10 958
40 41 363
48 49 24
67 68 523
32 33 585
31 32 216
22 23 517
68 73 1571
60 61 928
28 48 7861
54 55 428
9 10 916
24 28 2061
49 50 442
68 69 598
37 42 4137
87 88 453
39 41 369
68 69 184
1 6 2661
29 48 8532
71 72 915
22 23 841
83 84 596
76 78 1899
13 89 18470
44 45 546
20 21 93
32 46 24
28 29 462
58 59 384
68 69 675
18 19 965
13 17 1542
82 83 368
59 62 496
73 74 607
23 24 965
12 13 587
50 59 337
24 28 3358
85 86 319
44 46 173
70 71 787
20 21 825
35 36 253
25 28 2538
55 59 3952
33 34 855
81 82 899
73 74 576
25 26 208
56 58 1621
30 31 748
11 12 501
37 44 3055
17 48 20284
61 62 835
22 23 494
48 59 8441
68 72 3106
72 73 599
52 53 168
22 24 1658
53 59 339
42 43 951
17 67 44665
52 53 510
14 16 17
33 35 1746
55 58 2185
83 88 893
59 66 973
34 35 221
67 73 3969
50 59 7051
6 7 11
67 73 3339
19 48 11568
54 59 1101
56 57 675
75 80 2495
1 3 296
1 4 820
53 59 1483
6 11 500
8 9 945
26 27 996
7 8 228
75 76 490
42 43 152
83 88 1981
37 43 4028
46 48 1073
17 80 53865
0 13 10478
70 72 903
85 87 888
74 75 60
8 10 868
56 58 1150
54 55 75
17 19 1339
76 78 1725
49 50 127
82 89 2397
75 78 1210
17 82 11711
17 89 48561
17 82 23339
17 67 2179
83 88 3689
6 12 117
17 48 2909
87 88 854
21 22 671
51 52 704
50 59 6010
53 59 2714
6 13 6688
62 65 155
13 16 760
36 37 742
75 80 531
86 87 648
17 89 67108
7 11 3155
85 88 1357
4 5 377
36 44 4354
82 89 3812
86 87 303
58 59 381
82 89 3546
35 46 5861
67 73 3563
33 34 933
29 48 9655
32 33 93
72 73 283
17 66 13870
56 57 853
55 56 149
13 16 1767
33 34 738
17 67 17408
29 32 31
9 10 823
51 52 730
4 5 108
51 53 104
15 16 76
59 60 517
30 31 805
13 14 784
19 24 6
37 42 1539
74 75 669
83 84 807
68 69 335
22 23 786
48 50 590
53 59 833
44 45 458
62 63 281
48 59 760
8 9 203
45 46 358
68 72 711
60 61 769
53 54 44
55 56 789
67 68 634
29 32 322
82 89 968
26 27 378
18 19 957
6 12 3075
62 64 359
29 31 1834
32 48 9901
20 22 953
85 86 423
4 5 546
37 44 2507
76 78 560
51 59 6291
20 22 1219
78 79 378
60 61 715
29 31 207
38 39 611
29 32 68
37 41 3362
7 8 880
10 11 467
3 4 714
59 66 1606
62 63 767
79 80 19
27 28 292
13 89 47857
68 72 667
68 72 566
55 58 2559
15 16 947
88 89 298
29 32 977
0 1 887
75 80 391
88 89 819
75 80 581
75 79 3607
68 69 770
20 22 758
6 12 1496
1 6 3556
33 35 749
19 28 3809
29 48 4305
24 28 2985
60 62 1240
11 12 92
67 73 1365
67 68 57
84 88 739
55 56 304
25 28 2489
1 4 1307
75 79 2726
0 1 906
46 48 1063
16 17 1005
75 80 2559
27 28 70
41 42 927
56 58 646
74 75 642
59 66 5396
25 27 1243
72 73 548
34 35 349
17 89 22930
63 64 29
23 24 197
37 44 6303
24 25 33
68 70 1744
28 29 585
19 48 22033
67 73 2242
37 41 3992
7 10 482
88 89 832
17 74 49224
31 32 708
25 27 1167
68 72 1770
75 76 802
32 46 12544
53 54 342
8 10 97
74 75 554
46 47 945
44 45 441
68 70 9
37 38 868
46 48 1284
28 29 825
45 46 757
4 6 1088
48 49 471
17 66 19321
17 59 3886
50 51 308
54 59 4937
82 83 791
37 43 3254
88 89 172
37 43 2456
37 38 908
75 79 614
69 70 169
35 44 1980
15 16 401
59 66 4787
84 85 816
54 55 462
85 86 720
0 6 3477
5 6 565
85 87 110
37 38 287
85 86 601
46 48 1861
37 41 1779
67 68 462
29 31 1600
47 48 186
59 65 2675
45 46 183
17 18 66
68 69 344
66 67 364
58 59 924
60 62 1148
75 78 2807
0 13 5468
37 42 4938
50 59 5833
25 26 731
17 89 9818
17 74 38576
12 13 53
55 56 472
31 32 677
44 45 450
50 59 6002
47 48 859
70 71 558
25 26 207
68 72 1550
6 13 490
84 85 639
44 46 244
8 10 541
23 24 915
25 27 1428
35 36 810
25 27 1743
33 34 796
22 23 15
78 79 193
7 11 1257
81 82 810
88 89 773
61 62 617
55 58 2732
72 73 939
29 31 1839
17 75 31620
56 57 361
29 32 1983
37 42 3057
0 13 12846
20 21 27
62 63 34
75 78 114
27 28 573
13 14 625
22 24 148
17 73 21780
84 85 286
13 14 98
30 31 314
48 59 9698
83 89 4070
46 47 918
29 31 15
80 81 20
12 13 336
14 15 490
17 48 9676
17 89 51459
54 59 2069
29 31 1422
22 24 1749
25 28 2867
1 4 543
42 43 685
46 47 215
22 24 1960
33 34 403
7 10 722
43 44 740
23 24 171
3 4 612
24 28 608
51 59 7372
2 3 407
0 13 9819
37 42 74
6 12 4897
1 4 1692
25 28 801
75 78 28
67 68 240
21 22 497
6 12 1186
55 59 1279
45 46 807
52 53 272
29 30 881
5 6 814
17 18 344
62 64 1315
43 44 756
83 84 956
6 7 265
6 13 5910
55 59 2448
25 26 405
17 66 43504
37 44 630
80 81 198
25 28 903
28 48 2002
51 59 4975
35 46 10575
38 41 732
17 48 24356
13 17 3177
18 19 805
14 15 21
17 59 15234
3 4 791
27 28 869
86 87 868
20 21 98
68 73 684
33 35 216
8 9 34
46 48 297
65 66 931
20 22 1949
14 16 1432
85 86 299
32 46 193
26 27 663
70 72 932
46 48 1720
75 76 274
2 3 188
84 85 33
17 48 13341
77 78 417
30 31 761
80 81 545
22 23 113
57 58 232
9 10 331
77 78 642
67 73 1133
42 43 807
6 7 213
16 17 556
77 78 274
11 12 88
29 31 1801
83 89 509
83 89 1176
19 20 155
75 78 1468
50 59 6799
38 41 446
28 48 7527
59 65 4343
82 89 4621
83 84 226
66 67 732
47 48 474
8 10 1492
5 6 352
4 5 394
42 43 923
33 35 1815
6 7 175
70 72 125
58 59 707
88 89 633
17 66 18744
21 22 711
42 43 416
48 59 9239
6 13 6788
36 37 337
29 48 7427
15 16 629
87 88 171
56 58 535
44 46 768
4 5 979
61 62 836
0 1 842
43 44 341
22 23 155
8 9 481
23 24 387
82 83 635
17 75 26177
44 45 30
19 48 21428
83 84 999
37 38 110
18 19 223
4 6 580
15 16 780
0 6 1145
67 68 594
6 12 5022
1 4 2290
4 5 135
59 62 1987
23 24 37
78 79 673
59 65 3276
82 83 173
35 44 5957
8 10 925
55 56 4
36 37 496
11 12 188
17 48 22507
17 59 345
6 11 1503
17 89 69305
17 82 59342
26 27 474
44 46 1411
44 45 844
82 83 593
36 37 231
14 15 19
80 82 31
37 42 3558
17 73 33880
28 29 440
51 53 583
45 46 896
6 13 3880
68 69 533
75 78 1247
31 32 674
0 13 11881
29 31 1442
42 43 298
55 58 2695
29 48 7573
50 59 4154
4 5 84
66 67 960
0 13 12401
17 59 28337
18 19 767
19 48 27254
19 28 7931
24 28 1876
25 27 1044
74 75 394
32 35 2270
1 4 3018
13 17 3585
60 62 1183
7 8 364
32 35 1999
42 43 97
0 6 3301
32 35 292
80 81 937
85 87 442
6 13 1777
15 16 641
4 5 986
68 70 1182
17 73 43922
71 72 775
59 62 2779
14 15 127
4 6 543
74 75 949
75 79 1588
17 48 21154
75 79 3049
38 39 508
74 75 745
37 41 2994
31 32 993
82 89 2785
13 16 2176
17 67 40411
17 67 45664
35 44 4483
7 10 2094
83 88 296
0 13 7613
25 26 165
19 24 1993
54 59 3926
17 80 45487
29 32 2949
36 44 3694
19 20 71
29 31 563
32 33 440
17 18 518
81 82 470
34 35 234
13 14 211
61 62 187
68 72 3839
44 45 278
48 49 585
17 73 38492
34 35 889
25 26 690
67 68 618
68 72 3587
38 39 678
1 6 1746
22 24 1689
84 85 713
28 29 18
25 27 1835
17 89 3411
82 83 201
46 47 893
67 68 702
37 44 2922
68 70 268
20 21 645
13 17 3991
67 73 42
22 23 353
87 88 635
3 4 125
13 16 1945
16 17 669
55 56 408
71 72 25
75 79 1313
28 29 954
85 88 1571
55 58 2306
55 58 961
55 59 281
58 59 19
21 22 908
52 53 422
18 19 275
68 73 1485
58 59 239
51 59 7214
67 68 354
7 8 518
6 12 5899
17 18 185
54 55 70
82 83 544
17 67 22128
8 10 381
0 1 940
62 63 590
48 49 471
73 74 151
71 72 525
1 2 436
34 35 499
17 89 5704
83 88 4675
19 20 902
37 42 3573
12 13 832
6 7 735
75 78 2235
59 65 2670
4 5 136
5 6 309
21 22 338
36 44 810
29 30 1013
25 27 1931
59 60 633
38 39 517
44 46 704
19 28 8838
54 55 122
34 35 951
65 66 76
83 88 4668
21 22 695
85 86 446
76 77 630
88 89 160
63 64 600
17 75 10944
59 66 3846
37 38 1033
19 22 118
68 70 1384
54 59 4718
1 2 288
69 70 478
0 1 215
64 65 762
60 61 191
3 4 487
4 6 57
85 88 882
16 17 705
43 44 658
68 69 89
74 75 791
70 72 1355
37 44 6482
25 28 2609
75 80 3603
53 59 389
48 50 1394
49 50 41
17 82 43552
35 36 835
19 48 621
59 60 624
82 89 1887
59 62 2400
77 78 799
70 72 77
25 27 192
26 27 976
56 57 654
51 53 871
1 4 1883
17 67 7818
6 11 3287
82 83 596
70 71 738
87 88 604
55 56 214
3 4 100
25 26 959
13 89 19209
2 3 375
27 28 980
17 66 2211
47 48 973
32 33 27
11 12 955
32 35 415
25 26 409
19 28 3060
17 73 45682
13 16 987
42 43 94
17 19 379
